687,416,831,416,831,472,687,472,순국당
1942,418,2253,418,2253,467,1942,467,020-78-27201
635,508,764,508,764,559,635,559,META
1026,506,1166,506,1166,553,1026,553,BANK
1893,507,2276,507,2276,557,1893,557,853246-3916271
619,598,831,598,831,653,619,653,서울특별시
1067,598,1194,598,1194,648,1067,648,영양군
1464,596,1675,596,1675,650,1464,650,천수로9길
1905,599,1989,599,1989,642,1905,642,132
591,684,940,684,940,740,591,740,368-0919-6109
1868,689,2202,689,2202,737,1868,737,082-3016-9617
441,775,580,775,580,827,441,827,문가연
791,780,987,780,987,828,791,828,SYDNEY
1118,772,1369,772,1369,825,1118,825,SAMPSON
1860,776,2094,776,2094,829,1860,829,9711.7.14
434,865,694,865,694,917,434,917,세종특별자치시
806,866,937,866,937,917,806,917,논산시
1123,867,1249,867,1249,918,1123,918,오치동
1427,867,1492,867,1492,914,1427,914,73
1867,864,2209,864,2209,911,1867,911,030-9336-9717
541,1044,622,1044,622,1096,541,1096,시민
1854,1041,2251,1041,2251,1089,1854,1089,127-9076-2914-61
574,1130,634,1130,634,1170,574,1170,22
762,1206,857,1206,857,1252,762,1252,409
771,1275,858,1275,858,1315,771,1315,889
746,1368,1215,1368,1215,1425,746,1425,edu5h7@edqw.co.kr
601,1466,826,1466,826,1518,601,1518,훼밀리타운
175,3222,232,3222,232,3268,175,3268,49
370,3227,401,3227,401,3271,370,3271,3
584,3218,608,3218,608,3265,584,3265,8
1286,3220,1413,3220,1413,3273,1286,3273,맥휴스
1873,3219,2016,3219,2016,3271,1873,3271,김도하
