441,780,522,780,522,827,441,827,부자
310,1298,483,1298,483,1350,310,1350,저축예금
645,1299,1078,1299,1078,1345,645,1345,656728-41-111798
1169,1300,1400,1300,1400,1344,1169,1344,3973.6.12
1566,1301,1836,1301,1836,1355,1566,1355,9,216,079원
816,1726,935,1726,935,1776,816,1776,애호진
1732,1724,2116,1724,2116,1772,1732,1772,899028-5888506
737,1811,950,1811,950,1860,737,1860,대전광역시
1193,1808,1320,1808,1320,1861,1193,1861,김천시
1601,1811,1728,1811,1728,1861,1601,1861,포두리
1976,1811,2058,1811,2058,1856,1976,1856,346
852,1892,978,1892,978,1933,852,1933,고조모
1338,2305,1412,2305,1412,2353,1338,2353,다운
1032,2504,1084,2504,1084,2548,1032,2548,54
1207,2507,1241,2507,1241,2544,1207,2544,11
1340,2506,1381,2506,1381,2546,1340,2546,31
702,2640,867,2640,867,2690,702,2690,경상북도
1067,2644,1188,2644,1188,2692,1067,2692,화성시
1439,2641,1603,2641,1603,2690,1439,2690,정실3길
1830,2647,1912,2647,1912,2684,1830,2684,330
1106,2713,1422,2713,1422,2765,1106,2765,492-61-44480
880,2790,1093,2790,1093,2840,880,2840,세엑스서울
